0.573298
0.040875
0.996962
0.514314
0.914366
0.888185
0.987313
0.057759
0.736380
0.005265
0.986860
0.020927
0.711470
0.984173
0.969036
0.963287
0.450954
0.445259
0.200093
0.907463
0.516810
0.217058
0.187843
0.050378
0.594544
0.007284
0.299861
0.288780
0.069906
0.082296
0.534968
0.452574
0.099212
0.053363
0.348781
0.061420
0.958016
0.480023
0.735405
0.597407
0.097432
0.011425
0.378057
0.417582
0.947550
0.533740
0.642305
0.079216
0.072560
0.326299
0.195989
0.702210
0.201823
0.335567
0.323282
0.220745
0.231567
0.992109
0.823782
0.112292
0.989953
0.233528
0.868186
0.997888
0.566346
0.146994
0.754576
0.801926
0.545537
0.370993
0.086381
0.934187
0.685273
0.092276
0.302742
0.103803
0.732233
0.208370
0.387370
0.520177
0.991397
0.784286
0.089194
0.040705
0.295430
0.681211
0.479280
0.908147
0.982928
0.634877
0.234203
0.965386
0.981464
0.506987
0.237981
0.937338
0.999671
0.924719
0.125063
0.951733
0.896459
0.639182
0.355949
0.855359
0.046808
0.318843
0.998959
0.912605
0.976057
0.648311
0.572864
0.638241
0.051814
0.161452
0.732334
0.007764
0.143283
0.670561
0.621870
0.550195
0.821724
0.906840
0.190730
0.751452
0.712953
0.416465
0.937161
0.963487
0.985090
0.206642
0.804490
0.169900
0.631743
0.803127
0.193610
0.786500
0.774253
0.244449
0.006790
0.627818
0.058591
0.458723
0.615654
0.614892
0.095768
0.018244
0.457950
0.085661
0.854100
0.974058
0.384048
0.227536
0.303134
0.679757
0.652877
0.057482
0.078551
0.187973
0.970957
0.014065
0.641395
0.632418
0.237907
0.997126
0.607273
0.492968
0.416702
0.002935
0.275699
0.994266
0.474419
0.402463
0.032570
0.723728
0.806080
0.122362
0.068225
0.510231
0.840346
0.970992
0.856152
0.817913
0.335104
0.276508
0.745717
0.993923
0.188405
0.189270
0.179300
0.067348
0.401185
0.536841
0.090026
0.745017
0.474915
0.775349
0.833753
0.400086
0.117189
0.829957
0.917553
0.979996
0.927962
0.572240
0.063854
0.780487
0.461250
0.942984
0.996849
0.814641
0.738511
0.984910
0.990714
0.894098
0.995557
0.977800
0.889146
0.143372
0.904882
0.066644
0.134852
0.533974
0.788408
0.767931
0.636867
0.440214
0.255680
0.323540
0.372047
0.151522
0.810374
0.159852
0.970367
0.962910
0.998587
0.995692
0.164359
0.973611
0.905687
0.796626
0.368891
0.696779
0.918248
0.819118
0.598822
0.921525
0.883558
0.823637
0.453785
0.944120
0.638323
0.153767
0.159754
0.714114
0.318126
0.087776
0.597532
0.109921
0.511006
0.033394
0.466292
0.016285
0.433393
0.086254
0.636360
0.997617
0.872830
0.622697
0.881018
0.851654
0.245275
0.788691
0.413327
0.996012
0.444120
0.914145
0.527355
0.297143
0.973454
0.918787
0.543267
0.780220
0.791705
0.864429
0.787559
0.989058
0.543523
0.166753
0.373065
0.129617
0.960714
0.356970
0.820593
0.931204
0.438278
0.843680
0.997734
0.757470
0.324758
0.648299
0.997370
0.910053
0.505216
0.999733
0.918789
0.540349
0.973182
0.953831
0.535501
0.020409
0.414400
0.306858
0.030070
0.412646
0.053133
0.549208
0.960068
0.658701
0.621118
0.495315
0.398866
0.916899
0.078686
0.926488
0.678990
0.160832
0.686255
0.815154
0.220186
0.627651
0.474874
0.715826
0.265965
0.316145
0.056686
0.002119
0.056379
0.939863
0.972056
0.369648
0.079603
0.736899
0.513644
0.158232
0.288265
0.058599
0.521321
0.604563
0.031504
0.056180
0.000381
0.329308
0.167051
0.890246
0.026922
0.364830
0.369126
0.068947
0.772664
0.918995
0.878832
0.068368
0.639710
0.981861
0.822642
0.971268
0.698506
0.046414
0.261464
0.260502
0.981561
0.004709
0.121411
0.983433
0.107275
0.825676
0.512580
0.415037
0.125359
0.416241
0.862773
0.523922
0.116494
0.030132
0.240316
0.720609
0.995243
0.279857
0.966209
0.974660
0.539155
0.565227
0.801776
0.499328
0.831320
0.419423
0.763225
0.591806
0.978873
0.174485
0.604627
0.468997
0.837164
0.087389
0.300010
0.702953
0.559794
0.776916
0.893309
0.213896
0.542004
0.872100
0.512628
0.932481
0.966494
0.956294
0.002843
0.985130
0.075023
0.113652
0.178729
0.315627
0.970811
0.599322
0.890033
0.938540
0.665830
0.761360
0.535643
0.936833
0.182537
0.233199
0.297032
0.952328
0.981498
0.927913
0.856610
0.879485
0.184473
0.956364
0.405910
0.091963
0.959908
0.439244
0.588882
0.588474
0.052263
0.980116
0.438782
0.284187
0.622770
0.112883
0.096263
0.872673
0.011610
0.954539
0.715811
0.999996
0.058833
0.027199
0.226772
0.709495
0.497192
0.167641
0.974776
0.818490
0.925185
0.497702
0.353688
0.115129
0.238365
0.529391
0.288218
0.402487
0.087317
0.155204
0.166975
0.295724
0.939602
0.004385
0.327445
0.349701
0.114553
0.399599
0.912920
0.965168
0.982594
0.836950
0.653513
0.950062
0.834188
0.155991
0.924483
0.912483
0.169560
0.753722
0.077344
0.146815
0.454668
0.164928
0.345492
0.232204
0.709614
0.079556
0.208733
0.030604
0.309570
0.655107
0.544865
0.221476
0.269467
0.767307
0.417598
0.958957
0.047263
0.286296
0.094113
0.860199
0.904233
0.523691
0.099331
0.086515
0.040431
0.226966
0.909353
0.812428
0.320165
0.124403
0.985882
0.710903
0.012390
0.788056
0.234246
0.993478
0.968510
0.138185
0.222342
0.993225
0.884202
0.152096
0.034720
0.580025
0.991125
0.993698
0.517586
0.934203
0.673994
0.302672
0.187240
0.943823
0.999686
0.971662
0.815417
1.000000
0.865167
0.899022
0.807336
0.964575
0.123989
0.637152
0.477674
0.299388
0.598336
0.223375
0.395954
0.617303
0.059650
0.308350
0.216484
0.021594
0.091117
0.185506
0.911470
0.983339
0.168564
0.282660
0.093759
0.765625
0.322460
0.958714
0.265453
0.214011
0.359746
0.919017
0.907485
0.264642
0.750221
0.733016
0.834128
0.927938
0.569951
0.999102
0.786329
0.992622
0.998208
0.688419
0.260523
0.817018
0.477371
0.857222
0.518536
0.846947
0.773100
0.676963
0.991907
0.989371
0.808937
0.957408
0.248438
0.701720
0.006962
0.398139
0.283005
0.045618
0.137510
0.311159
0.911671
0.837884
0.865868
0.589833
0.374652
0.229703
0.711561
0.147604
0.962185
0.227044
0.727001
0.253762
0.235541
0.563924
0.445470
0.661920
0.903442
0.193828
0.213194
0.111138
0.044932
0.271097
0.158648
0.048634
0.437930
0.515185
0.463694
0.966242
0.334999
0.027038
0.950886
0.183766
0.406275
0.772754
0.017678
0.995708
0.049845
0.705284
0.064261
0.079059
0.206293
0.359881
0.171506
0.916102
0.525831
0.136782
0.992936
0.963302
0.265962
0.021944
0.209403
0.981549
0.895615
0.859927
0.951490
0.991726
0.999507
0.944487
0.992939
0.942109
0.972966
0.993549
0.974103
0.777994
0.368439
0.076644
0.654450
0.968435
0.839038
0.259102
0.903843
0.092830
0.285451
0.763663
0.686878
0.081452
0.819766
0.999412
0.410898
0.969829
0.324560
0.961658
0.525689
0.914492
0.986513
0.032308
0.744069
0.082175
0.329262
0.153897
0.518721
0.024867
0.149049
0.044913
0.085127
0.005291
0.923132
0.019275
0.736568
0.768099
0.790002
0.262478
0.173877
0.083647
0.148835
0.999353
0.968620
0.998966
0.025056
0.970782
0.222455
0.126353
0.079021
0.156193
0.222817
0.704840
0.143058
0.121444
0.167258
0.209100
0.248304
0.320418
0.236644
0.762970
0.936733
0.832044
0.405416
0.921577
0.746796
0.844388
0.730697
0.761178
0.946487
0.769380
0.350911
0.844701
0.282039
0.390674
0.218486
0.421635
0.068318
0.380032
0.221979
0.290775
0.560559
0.067970
0.607479
0.018280
0.754933
0.669993
0.571524
0.998257
0.620826
0.374663
0.157705
0.426302
0.417878
0.298188
0.343240
0.459370
0.608068
0.867511
0.683815
0.583529
0.139540
0.035501
0.700753
0.023518
0.511729
0.096385
0.207779
0.038128
0.017335
0.245645
0.054937
0.538530
0.687882
0.008927
0.928488
0.125484
0.955671
0.196659
0.770307
0.682135
0.019527
0.933448
0.941256
0.933578
0.050972
0.528919
0.736900
0.796608
0.084703
0.169175
0.946347
0.773646
0.895590
0.392421
0.093953
0.001199
0.096949
0.446160
0.293452
0.360902
0.168982
0.021758
0.159125
0.012236
0.797950
0.105907
0.133785
0.971617
0.296405
0.204876
0.088928
0.355226
0.503202
0.341504
0.810013
0.689304
0.743177
0.515810
0.264089
0.324489
0.160354
0.711877
0.077605
0.950108
0.530989
0.315068
0.643641
0.417178
0.812433
0.630935
0.246270
0.206893
0.096666
0.294091
0.245764
0.651229
0.890864
0.998533
0.163360
0.378890
0.732231
0.561966
0.495459
0.325005
0.524721
0.912093
0.069717
0.405093
0.407772
0.736136
0.741904
0.139980
0.951509
0.966141
0.155494
0.880516
0.061404
0.894109
0.047731
0.793169
0.424746
0.772129
0.071231
0.988034
0.969733
0.124643
0.326339
0.776445
0.838756
0.214754
0.239419
0.739897
0.598379
0.137562
0.968119
0.990859
0.506580
0.022890
0.684514
0.518893
0.737093
0.897293
0.760814
0.585041
0.363893
0.249691
0.960270
0.360696
0.902355
0.274192
0.040082
0.238765
0.297171
0.802729
0.092907
0.075491
0.358563
0.426075
0.901245
0.411669
0.177955
0.545838
0.748504
0.611044
0.019976
0.157761
0.028985
0.255108
0.090112
0.463607
0.065789
0.249396
0.993983
0.388977
0.440610
0.298066
0.876085
0.866766
0.027165
0.387909
0.921577
0.040013
0.557397
0.962663
0.728813
0.252057
0.737458
0.703440
0.507100
0.981649
0.279921
0.985613
0.097173
0.993232
0.043897
0.993062
0.795278
0.136973
0.532908
0.984736
0.089120
0.630447
0.561234
0.422133
0.694050
0.458250
0.173067
0.253248
0.860927
0.969084
0.532479
0.481867
0.238854
0.520776
0.573223
0.491234
0.517813
0.015789
0.804924
0.036711
0.051314
0.266255
0.041282
0.736062
0.896767
0.376069
0.481395
0.037275
0.772514
0.977064
0.204796
0.328593
0.503485
0.455335
0.965272
0.525094
0.288521
0.656085
0.266387
0.570469
0.254131
0.859546
0.157874
0.813654
0.020741
0.914190
0.882969
0.997118
0.952966
0.933931
0.655683
0.123480
0.294316
0.267854
0.745932
0.024830
0.960035
0.273257
0.559830
0.528749
0.778465
0.292798
0.520102
0.915105
0.413629
0.318084
0.803583
0.619063
0.684927
0.532637
0.566288
0.765071
0.280106
0.007824
0.976713
0.839438
0.013576
0.024826
0.354962
0.177387
0.170905
0.030229
0.056599
0.163501
0.189262
0.147066
0.243833
0.178984
0.162888
0.172235
0.165357
0.996454
0.997707
0.996379
0.066034
0.854186
0.964508
0.098198
0.005169
0.176112
0.092410
0.979287
0.984649
0.146405
0.568372
0.870185
0.983926
0.025015
0.005277
0.318114
0.423316
0.950272
0.930860
0.809526
0.358928
0.657480
0.864344
0.845418
0.561400
0.983245
0.743405
0.926778
0.972233
0.846196
0.824700
0.619269
0.988947
0.975331
0.975533
0.093280
0.011498
0.034414
0.769844
0.769832
0.980894
0.752287
0.197252
0.918555
0.838454
0.099240
0.989424
0.185468
0.998347
0.965552
0.993226
0.046300
0.539557
0.136137
0.530158
0.971587
0.979406
0.798683
0.338296
0.975217
0.696690
0.549490
0.548060
0.996680
0.128728
0.874077
0.794164
0.304707
0.493324
0.625382
0.859298
0.765148
0.731684
0.005248
0.873119
0.710179
0.141185
0.116137
0.017499
0.995829
0.865605
0.240311
0.176484
0.343920
0.016102
0.932790
0.010116
0.049346
0.084335
0.988769
0.804713
0.395080
0.007728
0.034069
0.016085
0.041722
0.048165
0.542620
0.598268
0.124593
0.741468
0.183742
0.119844
0.710721
0.907306
0.820675
0.194798
0.738523
0.525658
0.135049
0.991154
0.325575
0.805355
0.346141
0.396066
0.003613
0.391335
0.772504
0.511889
0.525623
0.927883
0.969645
0.616482
0.178020
0.433243
0.280294
0.165595
0.568073
0.472966
0.917225
0.609313
0.074748
0.002037
0.479802
0.983556
0.606345
0.817450
0.362618
0.910687
0.223202
0.117836
0.688281
0.625904
0.857559
0.633159
0.073778
0.977494
0.932400
0.916220
0.968364
0.939152
0.673288
0.341087
0.628190
0.767038
0.947481
0.232854
0.857697
0.952574
0.007079
0.580662
0.941548
0.724154
0.752508
0.207395
0.080418
0.240614
0.566960
0.109799
0.455146
0.752972
0.623263
0.955105
0.574122
0.312160
0.741878
0.407557
0.189698
0.609623
0.361361
0.378279
0.341574
0.805952
0.363450
0.252242
0.837272
0.700166
0.795147
0.402014
0.457041
0.956061
0.624644
0.033970
0.015146
0.341220
0.660847
0.889591
0.994231
0.643928
0.681296
0.851869
0.490273
0.966271
0.942875
0.219393
0.101762
0.559208
0.119394
0.176786
0.367398
0.122110
0.312095
0.200416
0.517325
0.473370
0.964845
0.832695
0.942013
0.902195
0.057505
0.832241
0.736098
0.360025
0.966601
0.946203
0.004709
0.006992
0.013954
0.876698
0.538448
0.962811
0.235201
0.038292
0.186827
0.408466
0.074880
0.871062
0.711190
0.004503
0.079984
0.060380
0.938490
0.920365
0.794188
0.178053
0.104538
0.318577
0.395787
0.062255
0.188568
0.174213
0.121356
0.634614
0.943711
0.055680
0.398679
0.074538
0.264870
0.967391
0.362114
0.061803
0.687209
0.410688
0.136687
0.178259
0.669336
0.034319
0.877480
0.155391
0.994517
0.737698
0.172160
0.010124
0.678267
0.107086
0.384241
0.773892
0.870169
0.028363
0.980106
0.983976
0.932622
0.987454
0.851752
0.870767
0.419961
0.582824
0.824496
0.763383
0.093894
0.914193
0.257549
0.173681
0.324890
0.923164
0.759323
0.507136
0.786754
0.777528
0.158348
0.132342
0.110666
0.241785
0.629706
0.648429
0.663274
0.846150
0.010837
0.045328
0.879559
0.045437
0.014039
0.778104
0.832897
0.971199
0.700875
0.098313
0.995592
0.408907
0.034458
0.350391
0.987398
0.058371
0.138068
0.378155
0.361076
0.355698
0.007906
0.152980
0.519415
0.079037
0.180908
0.144088
0.118202
0.114909
0.145924
0.302502
0.570215
0.817800
0.062678
0.330930
0.279594
0.086861
0.108688
0.161081
0.190864
0.321662
0.104300
0.187982
0.840896
0.376835
0.688298
0.811438
0.007445
0.109253
0.665998
0.887054
0.912356
0.206453
0.932766
0.549888
0.539029
0.097446
0.431782
0.306589
0.420788
0.073925
0.993426
0.725914
0.150083
0.397310
0.116912
0.022050
0.181355
0.475516
0.381523
0.952137
0.678240
0.123711
0.173544
0.946206
0.137541
0.716374
0.949544
0.949074
0.697297
0.858853
0.462127
0.520812
0.750603
0.607659
0.836060
0.508536
0.971314
0.143959
0.996139
0.002753
0.633647
0.985201
0.847729
0.815573
0.872112
0.294970
0.791417
0.528350
0.852985
0.762879
0.849265
0.460572
0.888249
0.131025
0.691569
0.999468
0.999020
0.015305
0.438058
0.210741
0.833508
0.905783
0.345930
0.349404
0.814562
0.953175
0.739943
0.098605
0.272772
0.680514
0.872267
0.687523
0.057001
0.916418
0.257318
0.959462
0.510652
0.754853
0.808601
0.851511
0.428525
0.464465
0.834376
0.138444
0.962565
0.324681
0.781043
0.401570
0.195029
0.365223
0.154531
0.264160
0.355170
0.547543
0.015837
0.016841
0.838885
0.150959
0.978134
0.504697
0.587278
0.999498
0.383240
0.524328
0.856154
0.253966
0.034270
0.402893
0.173090
0.732628
0.954284
0.940835
0.164913
0.091576
0.018654
0.405063
0.386928
0.227803
0.959529
0.451801
0.175353
0.444995
0.896016
0.929488
0.289377
0.183636
0.991211
0.116812
0.612074
0.278323
0.018451
0.117118
0.345493
0.374204
0.999644
0.578987
0.009078
0.710999
0.029980
0.597771
0.773924
0.239789
0.900366
0.660197
0.959155
0.864813
0.997629
0.646872
0.145527
0.037442
0.427020
0.583500
0.120523
0.046339
0.526408
0.970346
0.656647
0.490831
0.946861
0.848839
0.105234
0.233055
0.789211
0.953643
0.765989
0.427770
0.117411
0.423729
0.996237
0.306556
0.909232
0.369250
0.679562
0.574109
0.091656
0.967512
0.384183
0.498477
0.062948
0.931798
0.571564
0.864842
0.829800
0.994527
0.454079
0.914938
0.728057
0.554556
0.769502
0.254669
0.450615
0.815347
0.593821
0.166308
0.805040
0.057178
0.063274
0.164279
0.088434
0.934253
0.216379
0.207933
0.010685
0.928299
0.416578
0.361057
0.635848
0.872847
0.004607
0.092852
0.201650
0.287449
0.874152
0.815750
0.356938
0.539343
0.728521
0.921335
0.956146
0.662536
0.704145
0.432051
0.060480
0.306757
0.736075
0.030706
0.710360
0.273222
0.079522
0.629769
0.108231
0.203226
0.038849
0.760238
0.041856
0.029717
0.365449
0.716614
0.830643
0.915427
0.517362
0.015882
0.151006
0.573709
0.597794
0.608473
0.433308
0.683359
0.691091
0.116888
0.285160
0.021141
0.005058
1.000000
0.880053
0.652341
0.310822
0.557094
0.247682
0.152928
0.007208
0.411407
0.982020
0.882276
0.731247
0.019865
0.135979
0.709880
0.673593
0.125152
0.244790
0.994510
0.105357
0.065342
0.225914
0.294798
0.208811
0.736785
0.994808
0.969503
0.341846
0.094905
0.900556
0.952556
0.946774
0.101115
0.991032
0.907974
0.998915
0.014670
0.768276
0.182819
0.564342
0.370809
0.434235
0.373310
0.709686
0.564266
0.998186
0.929181
0.526254
0.004425
0.057921
0.358057
0.370979
0.993128
0.284404
0.960226
0.419483
0.964754
0.974653
0.994686
0.521979
0.289102
0.920140
0.077139
0.881761
0.999821
0.807966
0.049709
0.006688
0.781586
0.122925
0.004523
0.023614
0.004679
0.021866
0.998362
0.089201
0.997088
0.386706
0.964635
0.994643
0.902193
0.165774
0.997043
0.531927
0.577667
0.690704
0.759180
0.735476
0.619103
0.987471
0.678856
0.994624
0.208538
0.991757
0.487491
0.884138
0.984947
0.997923
0.766176
0.250869
0.906535
0.896329
0.991060
0.818725
0.167705
0.984786
0.322626
0.933388
0.397128
0.270251
0.523702
0.894870
0.087621
0.436684
0.578769
0.592194
0.710875
0.147447
0.190626
0.574215
0.442007
0.128079
0.057756
0.861513
0.398725
0.666541
0.575076
0.762664
0.573682
0.604440
0.817036
0.891841
0.979402
0.563423
0.298546
0.324081
0.399217
0.975091
0.360175
0.032404
0.095104
0.315877
0.145484
0.079332
0.041034
0.488559
0.047016
0.564518
0.939607
0.325812
0.845379
0.996823
0.453134
0.793000
0.438771
0.959636
0.785767
0.401789
0.983358
0.013415
0.963741
0.571430
0.719428
0.561796
0.784189
0.729381
0.689931
0.921026
0.726205
0.856675
0.624148
0.074449
0.132366
0.881239
0.216332
0.789550
0.161488
0.986359
0.618830
0.888269
0.574163
0.409978
0.354225
0.488639
0.297719
0.814917
0.394671
0.067157
0.529331
0.231253
0.342877
0.034876
0.289626
0.082252
0.241215
0.867011
0.786745
0.979497
0.950246
0.036140
0.078216
0.627659
0.454781
0.062837
0.151002
0.880521
0.955400
0.035671
0.987240
0.747834
0.269131
0.766038
0.851982
0.001160
0.499691
0.067607
0.006219
0.035493
0.185852
0.603241
0.326360
0.077364
0.585803
0.262357
0.597110
0.272899
0.071338
0.044553
0.286067
0.014301
0.540996
0.994823
0.035634
0.133789
0.846244
0.994341
0.988618
0.393672
0.999824
0.077647
0.237062
0.656356
0.805861
0.303222
0.065231
0.124632
0.140226
0.767903
0.347512
0.056377
0.003751
0.216126
0.492442
0.075360
0.271581
0.035311
0.663840
0.289076
0.029148
0.195647
0.826325
0.107564
0.250175
0.121234
0.237313
0.037574
0.843354
0.893079
0.205053
0.784049
0.447554
0.568203
0.137106
0.843888
0.504141
0.804619
0.775315
0.360041
0.852603
0.287062
0.730467
0.326143
0.190895
0.254067
0.055161
0.122627
0.892576
0.882785
0.280785
0.007715
0.355071
0.843313
0.996913
0.353193
0.480343
0.820940
0.241171
0.185560
0.071454
0.569374
0.374763
0.332146
0.701973
0.828378
0.210569
0.595700
0.972567
0.182038
0.195546
0.125771
0.166528
0.545464
0.885560
0.985037
0.474847
0.771070
0.033686
0.345957
0.628838
0.115345
0.057758
0.106244
0.737778
0.067506
0.610165
0.041714
0.431860
0.953845
0.142224
0.300971
0.328652
0.131116
0.184270
0.154754
0.425365
0.208599
0.489758
0.033066
0.002607
0.947197
0.037745
0.945989
0.003087
0.769253
0.369379
0.999781
0.699709
0.154859
0.018510
0.881401
0.963171
0.625224
0.386272
0.502709
0.379693
0.559866
0.987225
0.689982
0.317947
0.488643
0.174473
0.994832
0.021851
0.777508
0.885726
0.227818
0.749538
0.921843
0.073039
0.611773
0.869058
0.343005
0.942766
0.974573
0.993737
0.038336
0.233101
0.159059
0.027845
0.241519
0.347725
0.313613
0.187825
0.007368
0.530374
0.173957
0.055777
0.961585
0.297808
0.021313
0.181630
0.806874
0.382201
0.968233
0.400548
0.228957
0.294668
0.020361
0.015488
0.726108
0.288549
0.140427
0.815089
0.971886
0.889923
0.917324
0.805741
0.262614
0.270259
0.821335
0.564015
0.830375
0.993724
0.451335
0.705542
0.793333
0.154134
0.855620
0.021662
0.397919
0.678604
0.069343
0.222677
0.123427
0.683536
0.684679
0.012517
0.004944
0.331555
0.937918
0.172285
0.043129
0.764050
0.440519
0.481046
0.947755
0.593862
0.285950
0.990100
0.360530
0.471697
0.120092
0.669234
0.027283
0.339890
0.477020
0.541831
0.759753
0.881615
0.237683
0.050703
0.434398
0.085818
0.839240
0.499253
0.889236
0.620631
0.005425
0.607320
0.009671
0.512887
0.751722
0.011955
0.133096
0.381293
0.329392
0.408978
0.900099
0.512689
0.010021
0.138568
0.891772
0.743815
0.078927
0.396991
0.763997
0.953207
0.096493
0.784737
0.516069
0.450843
0.939031
0.335840
0.498862
0.045558
0.235564
0.346670
0.146596
0.419554
0.104386
0.221008
0.168263
0.267931
0.551950
0.369519
0.124999
0.996145
0.989952
0.675911
0.834224
0.593574
0.253771
0.858701
0.036666
0.973033
0.172436
0.293577
0.148590
0.801258
0.028450
0.995356
0.850439
0.331911
0.801918
0.662554
0.448769
0.266520
0.545384
0.900136
0.627211
0.352107
0.820913
0.985089
0.910487
0.854853
0.080662
0.255035
0.802093
0.033700
0.099231
0.167129
0.123759
0.035255
0.568832
0.778024
0.025870
0.022501
0.128865
0.804856
0.890283
0.132242
0.637922
0.233211
0.006538
0.095109
0.359138
0.086194
0.032775
0.050089
0.462661
0.239392
0.468916
0.538179
0.999992
0.999999
0.406471
0.941214
0.056592
0.909408
0.886705
0.668983
0.091821
0.878615
0.747936
0.328661
0.965512
0.111751
0.964124
0.899477
0.519121
0.620733
0.365436
0.118651
0.868323
0.881517
0.563822
0.982363
0.188336
0.983791
0.992719
0.014310
0.853340
0.706760
0.932902
0.934902
0.110866
0.179785
0.151417
0.930960
0.756944
0.046955
0.819189
0.996490
0.878797
0.653855
0.893979
0.602361
0.986564
0.951331
0.354684
0.972420
0.016016
0.271794
0.030952
0.421178
0.223217
0.988420
0.708802
0.353731
0.382051
0.485655
0.112594
0.359595
0.901954
0.428700
0.907061
0.171231
0.185695
0.141302
0.072228
0.315173
0.854910
0.977805
0.807738
0.358593
0.049682
0.728682
0.845511
0.224120
0.175722
0.911221
0.922349
0.364721
0.181495
0.994403
0.746371
0.197898
0.021913
0.309525
0.954819
0.691249
0.489445
0.801014
0.009950
0.966764
0.549073
0.059391
0.261375
0.076515
0.201838
0.667251
0.987356
0.928380
0.057664
0.019183
0.909433
0.781663
0.800642
0.805234
0.225336
0.122616
0.192596
0.999977
0.293498
0.994763
0.690027
0.017897
0.444801
0.505386
0.079439
0.853366
0.080310
0.382996
0.847920
0.446120
0.383339
0.306944
0.388109
0.258281
0.066723
0.478950
0.982700
0.948409
0.550659
0.803391
0.315431
0.168573
0.652492
0.812236
0.783344
0.956675
0.746474
0.050212
0.048360
0.018472
0.143388
0.102717
0.383022
0.536829
0.977012
0.216453
0.136835
0.009772
0.539070
0.338096
0.008842
