0.928469
0.445042
0.018453
0.402570
0.918788
0.169052
0.182657
0.331888
0.826797
0.124156
0.592706
0.123700
0.723225
0.548948
0.424415
0.326325
0.026293
0.293157
0.090939
0.014360
0.245747
0.725442
0.736590
0.027884
0.367174
0.026327
0.824818
0.339936
0.416817
0.212986
0.026606
0.393422
0.212917
0.955723
0.742256
0.181973
0.756913
0.518662
0.877145
0.683479
0.057273
0.812003
0.217264
0.065039
0.928074
0.035688
0.087959
0.907674
0.230148
0.085769
0.431681
0.565752
0.680713
0.029668
0.025335
0.517512
0.937366
0.396126
0.160427
0.645850
0.117290
0.671911
0.701387
0.069010
0.965348
0.763589
0.113854
0.556662
0.132171
0.028759
0.640667
0.751542
0.144938
0.051632
0.603728
0.633933
0.506591
0.016703
0.085488
0.345738
0.479408
0.954845
0.586742
0.936834
0.524080
0.088777
0.685145
0.611068
0.015804
0.003317
0.431934
0.770088
0.219023
0.058632
0.552368
0.287423
0.738921
0.816548
0.404922
0.571589
0.371868
0.716937
0.151791
0.751239
0.528126
0.400845
0.151462
0.998049
0.973981
0.764812
0.661977
0.186490
0.821861
0.190012
0.567813
0.941384
0.388989
0.070577
0.051214
0.582320
0.569286
0.999397
0.585412
0.978617
0.204342
0.184013
0.138040
0.072114
0.319950
0.123780
0.333175
0.021920
0.008253
0.036030
0.139259
0.065011
0.904634
0.004100
0.007762
0.034558
0.984127
0.737262
0.997867
0.116829
0.769536
0.780222
0.235384
0.417844
0.069851
0.629455
0.956436
0.081509
0.774857
0.268332
0.948802
0.145469
0.152384
0.677497
0.949993
0.052351
0.159805
0.046532
0.182448
0.534138
0.960408
0.726925
0.924785
0.717653
0.166097
0.156838
0.828292
0.018656
0.718087
0.025276
0.590827
0.968123
0.112117
0.083479
0.613963
0.997453
0.809709
0.110086
0.097822
0.109875
0.005043
0.536600
0.273423
0.727529
0.367699
0.530915
0.770209
0.030701
0.377874
0.552230
0.071357
0.228578
0.657313
0.042496
0.035403
0.102401
0.685965
0.598609
0.029820
0.295556
0.022235
0.187345
0.095966
0.543430
0.080136
0.350352
0.040110
0.305792
0.070588
0.967003
0.522939
0.023856
0.076833
0.282447
0.351115
0.014101
0.023261
0.823155
0.931012
0.958406
0.636341
0.407739
0.034003
0.336744
0.256733
0.782104
0.988864
0.656739
0.975014
0.725847
0.487101
0.874815
0.893132
0.297652
0.793223
0.136599
0.984596
0.068325
0.598018
0.303983
0.990240
0.077907
0.009039
0.113554
0.003751
0.181912
0.347556
0.337773
0.436010
0.322210
0.314168
0.047155
0.575105
0.538413
0.156493
0.018324
0.748220
0.168790
0.008895
0.020849
0.872041
0.015698
0.151336
0.109761
0.398946
0.131406
0.096213
0.152103
0.002056
0.162557
0.089894
0.086675
0.071286
0.012326
0.952181
0.264830
0.700466
0.538701
0.589046
0.286515
0.140164
0.052131
0.121459
0.897918
0.995035
0.501889
0.380963
0.347951
0.114285
0.222170
0.822034
0.059444
0.014207
0.266081
0.492038
0.537972
0.081597
0.061292
0.870702
0.489604
0.310243
0.368390
0.044862
0.346889
0.332939
0.518053
0.083953
0.021285
0.148044
0.717587
0.014304
0.227025
0.003328
0.581302
0.654737
0.788569
0.064057
0.837285
0.982674
0.304369
0.996180
0.180760
0.837995
0.747367
0.656048
0.691036
0.181229
0.308390
0.091742
0.452148
0.038218
0.938080
0.086711
0.026586
0.000744
0.117310
0.055502
0.021263
0.055772
0.009901
0.279976
0.389003
0.265340
0.547675
0.310919
0.761140
0.425992
0.247741
0.089942
0.290984
0.014724
0.065517
0.397546
0.688007
0.197105
0.614482
0.148418
0.593155
0.160095
0.492950
0.230613
0.998052
0.705627
0.004092
0.212291
0.906732
0.240608
0.497226
0.549170
0.378414
0.571780
0.049941
0.053987
0.016720
0.282800
0.108337
0.139485
0.229592
0.837087
0.049605
0.135586
0.095300
0.058594
0.056351
0.378309
0.131570
0.437895
0.491457
0.278536
0.311977
0.601717
0.359165
0.809279
0.582874
0.576220
0.354202
0.819715
0.506945
0.117737
0.120706
0.568528
0.017262
0.021283
0.419403
0.007837
0.192514
0.295749
0.901742
0.734917
0.506184
0.683171
0.986784
0.281476
0.839434
0.931559
0.702968
0.954391
0.145739
0.921798
0.068762
0.647315
0.834614
0.889045
0.035689
0.965747
0.139038
0.036309
0.016758
0.853086
0.584590
0.263908
0.032555
0.634287
0.301247
0.399480
0.302189
0.162099
0.973785
0.452577
0.531865
0.058797
0.528791
0.488453
0.485309
0.743651
0.341616
0.959641
0.790680
0.706940
0.560097
0.454848
0.791158
0.179184
0.953186
0.422391
0.663801
0.322834
0.061100
0.154828
0.233232
0.071057
0.018067
0.749785
0.299002
0.144669
0.038363
0.714986
0.101558
0.977420
0.106145
0.848644
0.127608
0.163447
0.493573
0.060478
0.076488
0.211285
0.786086
0.561386
0.293872
0.436603
0.462229
0.292770
0.638720
0.155190
0.429903
0.430173
0.014900
0.160636
0.055728
0.909770
0.966874
0.421228
0.344158
0.697999
0.647436
0.551671
0.137498
0.795068
0.254840
0.657968
0.224300
0.541000
0.052331
0.024679
0.418069
0.091329
0.690688
0.255230
0.639139
0.110511
0.222618
0.980763
0.110731
0.033508
0.190302
0.091939
0.167040
0.906710
0.013668
0.266532
0.016046
0.027178
0.362303
0.013922
0.383927
0.470537
0.474308
0.386512
0.280728
0.107104
0.336728
0.097015
0.028570
0.009212
0.411956
0.040799
0.072849
0.000740
0.014280
0.639251
0.504801
0.705074
0.045548
0.824934
0.541365
0.946948
0.788688
0.170123
0.340201
0.609351
0.810836
0.696857
0.164675
0.675234
0.554694
0.986033
0.110647
0.811019
0.400262
0.647442
0.267926
0.144275
0.220218
0.683675
0.126261
0.014798
0.957390
0.551407
0.954129
0.872121
0.846766
0.006991
0.385639
0.103508
0.048836
0.174948
0.085710
0.841256
0.000941
0.014532
0.125104
0.678703
0.692059
0.034672
0.733177
0.120866
0.588808
0.407520
0.008523
0.023133
0.305251
0.634827
0.915799
0.697005
0.095993
0.203381
0.081384
0.192169
0.823860
0.976494
0.999779
0.906177
0.841989
0.943794
0.368246
0.827752
0.985504
0.989580
0.039909
0.170117
0.061399
0.006445
0.452546
0.984581
0.133775
0.072472
0.431386
0.073461
0.160841
0.029593
0.115424
0.007817
0.020828
0.356714
0.130777
0.138341
0.028473
0.030332
0.258418
0.539305
0.528229
0.138736
0.452031
0.374393
0.996316
0.639976
0.575314
0.148219
0.570894
0.300090
0.290815
0.692973
0.068101
0.092823
0.067727
0.231498
0.016312
0.038544
0.048187
0.120857
0.001419
0.345640
0.413774
0.965904
0.580026
0.197176
0.417468
0.100793
0.623664
0.378968
0.174624
0.897043
0.688323
0.400184
0.083110
0.891924
0.395586
0.063629
0.545339
0.027021
0.426714
0.426205
0.658599
0.076581
0.300036
0.125498
0.179132
0.188426
0.076459
0.221757
0.094034
0.987107
0.865264
0.722715
0.505390
0.002609
0.027993
0.031490
0.936769
0.972680
0.202944
0.128646
0.961670
0.919508
0.981920
0.969790
0.015713
0.882786
0.589557
0.508440
0.165530
0.032495
0.077891
0.052342
0.147185
0.400931
0.084549
0.999998
1.000000
0.189332
0.303599
0.272292
0.879233
0.175078
0.036568
0.502378
0.186991
0.262347
0.310092
0.282810
0.065530
0.250403
0.830664
0.196779
0.114927
0.800979
0.274611
0.747320
0.397416
0.343888
0.987355
0.412591
0.327366
0.846321
0.012197
0.267691
0.013979
0.555339
0.010619
0.059872
0.006402
0.066226
0.046708
0.023181
0.398830
0.756653
0.799348
0.015863
0.361553
0.048756
0.026743
0.911826
0.327854
0.022312
0.577862
0.004575
0.107239
0.588540
0.351926
0.113560
0.118032
0.113391
0.004549
0.490553
0.184667
0.006798
0.784257
0.393702
0.902650
0.032496
0.240691
0.006628
0.292651
0.417071
0.344608
0.666201
0.093090
0.162607
0.718339
0.093588
0.957738
0.985717
0.490860
0.250734
0.374859
0.547383
0.811232
0.449222
0.434079
0.313778
0.034337
0.511047
0.944655
0.465962
0.614949
0.896371
0.216582
0.977860
0.805892
0.371923
0.007083
0.082916
0.998356
0.420765
0.253033
0.079355
0.564137
0.803975
0.666924
0.021030
0.604766
0.529396
0.018785
0.030232
0.308987
0.073192
0.245576
0.010998
0.074460
0.815005
0.186902
0.858057
0.338601
0.547095
0.881175
0.289226
0.736487
0.288498
0.515184
0.979997
0.849903
0.312987
0.109530
0.016463
0.009629
0.060496
0.646584
0.073224
0.483421
0.129108
0.330817
0.611020
0.145157
0.088795
0.100458
0.588602
0.204209
0.998781
0.989026
0.989695
0.997124
0.223403
0.241879
0.876187
0.690838
0.503612
0.439575
0.774909
0.998127
0.697350
0.745501
0.238461
0.007727
0.551007
0.282782
0.917237
0.041001
0.584025
0.897001
0.074786
0.050989
0.142292
0.495458
0.154744
0.191157
0.366271
0.186439
0.033816
0.507897
0.214927
0.148580
0.993323
0.710700
0.182505
0.714732
0.194657
0.946083
0.422257
0.895366
0.318450
0.932386
0.511375
0.419469
0.101888
0.737413
0.559732
0.505723
0.843436
0.840054
0.963069
0.577492
0.744423
0.580055
0.698592
0.304368
0.533866
0.513333
0.109771
0.366241
0.818728
0.170385
0.967371
0.929344
0.110472
0.152835
0.006570
0.459824
0.056714
0.029193
0.156760
0.579605
0.879684
0.330768
0.313772
0.054558
0.380949
0.216437
0.777736
0.043196
0.517223
0.529815
0.110578
0.584482
0.317550
0.633465
0.484534
0.200296
0.380099
0.455467
0.413712
0.601279
0.358480
0.137381
0.815679
0.735209
0.472316
0.862732
0.061732
0.587977
0.093849
0.854154
0.369329
0.438308
0.968070
0.946738
0.997033
0.957368
0.218401
0.271469
0.086453
0.437720
0.232668
0.336739
0.264299
0.728400
0.513611
0.000456
0.054874
0.023360
0.281720
0.145370
0.288386
0.100727
0.112722
0.129594
0.565980
0.007628
0.067317
0.214647
0.012742
0.606161
0.087699
0.159114
0.910603
0.084353
0.097717
0.891360
0.015766
0.312219
0.190509
0.506770
0.511916
0.079634
0.754537
0.924111
0.053907
0.272794
0.566971
0.171113
0.589413
0.326403
0.175147
0.985904
0.693919
0.574379
0.299053
0.931376
0.355366
0.882161
0.935863
0.278319
0.506308
0.526152
0.521188
0.120902
0.053012
0.959107
0.085185
0.623452
0.073795
0.933162
0.195258
0.855644
0.032902
0.695724
0.343045
0.002852
0.343666
0.247265
0.590338
0.068690
0.522265
0.028402
0.669732
0.474866
0.998665
0.095161
0.921076
0.464640
0.992032
0.950347
0.148083
0.949419
0.044123
0.986182
0.672621
0.917126
0.012573
0.041217
0.083966
0.614093
0.775128
0.197695
0.509409
0.803668
0.715005
0.044317
0.134597
0.784472
0.125426
0.004041
0.466379
0.883934
0.126036
0.472036
0.559053
0.014663
0.866634
0.092225
0.182154
0.569982
0.978722
0.504617
0.668783
0.730199
0.361941
0.181896
0.560292
0.107916
0.827538
0.204994
0.480044
0.117421
0.181709
0.666167
0.967128
0.741147
0.928198
0.462469
0.925168
0.305555
0.107678
0.322450
0.985734
0.710699
0.059935
0.697179
0.137079
0.609409
0.025041
0.160447
0.079308
0.220243
0.135271
0.005189
0.126416
0.724596
0.532158
0.623683
0.315576
0.868934
0.653287
0.465247
0.274932
0.750705
0.933832
0.426734
0.209358
0.165515
0.143634
0.135749
0.583371
0.002054
0.454754
0.510015
0.363436
0.114185
0.334867
0.544815
0.145135
0.969630
0.506716
0.029418
0.051936
0.225769
0.490739
0.833033
0.008682
0.016803
0.037160
0.294794
0.151815
0.231162
0.650496
0.238487
0.140372
0.148772
0.968758
0.078365
0.760040
0.444270
0.150268
0.276876
0.328848
0.113959
0.305473
0.483568
0.244812
0.642368
0.070831
0.051130
0.048112
0.339424
0.332051
0.636548
0.053128
0.253404
0.283623
0.917904
0.560797
0.074972
0.986212
0.699097
0.529957
0.708419
0.176556
0.431486
0.913076
0.998515
0.315271
0.992939
0.908689
0.782395
0.996323
0.916310
0.348857
0.985664
0.778625
0.204505
0.577784
0.266120
0.626403
0.711832
0.095602
0.743836
0.773575
0.903754
0.268141
0.515876
0.291452
0.123075
0.772874
0.196592
0.145179
0.701317
0.647433
0.807378
0.516256
0.944112
0.687106
0.794430
0.872665
0.995811
0.687936
0.270747
0.836215
0.290362
0.410509
0.107049
0.444202
0.613051
0.525050
0.833948
0.533959
0.720688
0.568082
0.758179
0.181004
0.032963
0.216715
0.565591
0.047154
0.511270
0.109778
0.940542
0.335193
0.769107
0.064244
0.276627
0.058040
0.695980
0.910041
0.172466
0.072050
0.223238
0.370106
0.163606
0.859217
0.082701
0.019991
0.012893
0.027940
0.042219
0.071135
0.493319
0.040826
0.017574
0.041811
0.163929
0.089983
0.233239
0.455118
0.681471
0.434355
0.123909
0.184631
0.155687
0.128296
0.268222
0.030436
0.661144
0.407891
0.010442
0.021436
0.581883
0.767499
0.908226
0.578873
0.467062
0.003497
0.795276
0.146108
0.476849
0.282902
0.077326
0.501859
0.096021
0.655325
0.344065
0.092832
0.456725
0.078013
0.285802
0.105923
0.999466
0.824502
0.114565
0.157105
0.127972
0.957497
0.763994
0.364973
0.054316
0.556598
0.873898
0.433133
0.191867
0.577468
0.187292
0.369230
0.142912
0.583925
0.017000
0.262168
0.144401
0.691957
0.170015
0.234931
0.373863
0.506680
0.196303
0.427000
0.680846
0.356630
0.032651
0.921354
0.196727
0.018123
0.103002
0.181114
0.900518
0.949642
0.799924
0.787993
0.997703
0.138857
0.086166
0.253842
0.118696
0.041775
0.004392
0.083380
0.862285
0.041773
0.187743
0.047678
0.140970
0.149028
0.754724
0.808768
0.312294
0.498131
0.544317
0.292705
0.065412
0.558242
0.188626
0.353289
0.545640
0.435332
0.977802
0.078477
0.047812
0.235796
0.011272
0.534300
0.286144
0.712531
0.404445
0.999880
0.194999
0.998539
0.001111
0.238836
0.727659
0.131367
0.976325
0.802694
0.979890
0.268891
0.614808
0.259511
0.209230
0.539046
0.022828
0.118032
0.523276
0.334989
0.029127
0.170867
0.874435
0.214766
0.084855
0.985846
0.843643
0.409922
0.996129
0.963132
0.007096
0.674635
0.917705
0.153439
0.250624
0.219470
0.563403
0.896214
0.191624
0.014226
0.311302
0.272982
0.838068
0.012177
0.690849
0.990998
0.040351
0.865618
0.159665
0.865724
0.071280
0.092508
0.724236
0.761363
0.499804
0.990924
0.028716
0.100426
0.406121
0.204606
0.715517
0.841642
0.093129
0.631835
0.287748
0.812221
0.093002
0.496592
0.030742
0.294449
0.010877
0.071171
0.001234
0.013765
0.276058
0.073928
0.094788
0.670568
0.043858
0.657569
0.049404
0.999119
0.980908
0.995020
0.989442
0.067228
0.019762
0.317918
0.274625
0.366562
0.328319
0.169886
0.230253
0.794260
0.973123
0.089813
0.710648
0.786058
0.011158
0.032996
0.007917
0.119757
0.037461
0.812908
0.452619
0.204042
0.624497
0.220413
0.094933
0.336029
0.764505
0.126241
0.817654
0.980014
0.861899
0.771888
0.850574
0.867820
0.484873
0.948856
0.080999
0.044941
0.082311
0.559851
0.870614
0.716507
0.700926
0.656892
0.996585
0.582008
0.053538
0.166125
0.970711
0.957476
0.454414
0.981300
0.439750
0.433552
0.799347
0.935886
0.938693
0.938741
0.048920
0.017713
0.733587
0.984122
0.774043
0.137151
0.744873
0.977001
0.170997
0.667580
0.984806
0.060105
0.034063
0.050735
0.016837
0.288346
0.454014
0.025771
0.017726
0.117197
0.480564
0.211633
0.198550
0.825347
0.841917
0.469823
0.377688
0.713776
0.551054
0.035283
0.998978
0.064334
0.985778
0.984146
0.898456
0.891623
0.998546
0.648993
0.812550
0.046206
0.874460
0.131382
0.005192
0.395948
0.735783
0.892262
0.339661
0.474691
0.745167
0.337717
0.107052
0.086908
0.697090
0.155722
0.089771
0.119484
0.456774
0.447882
0.222908
0.034796
0.510470
0.963836
0.022432
0.488090
0.103783
0.062193
0.164094
0.094315
0.012678
0.445484
0.058499
0.384410
0.951166
0.681562
0.853328
0.281623
0.795162
0.882022
0.200367
0.083930
0.385177
0.175171
0.064255
0.104934
0.447279
0.071668
0.292067
0.313001
0.577510
0.714812
0.447775
0.225861
0.934863
0.713966
0.180484
0.122927
0.671562
0.976209
0.042214
0.007865
0.006522
0.037038
0.211276
0.011179
0.341457
0.036855
0.094384
0.952145
0.546701
0.784540
0.036540
0.472303
0.245437
0.390928
0.405531
0.506149
0.667644
0.151234
0.085730
0.476387
0.960092
0.642981
0.817049
0.751172
0.675337
0.946754
0.016609
0.109716
0.012570
0.049308
0.089356
0.195345
0.026376
0.014100
0.453850
0.214192
0.050941
0.145390
0.220605
0.317020
0.034152
0.999676
0.630945
0.022677
0.206526
0.137533
0.038499
0.624412
0.115888
0.025122
0.138133
0.103455
0.073195
0.653678
0.215332
0.165565
0.687394
0.062686
0.861381
0.178875
0.147260
0.131521
0.572120
0.464354
0.265365
0.728522
0.162768
0.896139
0.773814
0.121652
0.781787
0.411790
0.391473
0.620736
0.314255
0.934237
0.025079
0.026903
0.585144
0.849383
0.007253
0.046267
0.163910
0.454456
0.080138
0.045673
0.752814
0.571875
0.977537
0.225009
0.644804
0.086624
0.032380
0.743014
0.569229
0.526553
0.985565
0.227094
0.996079
0.281469
0.324820
0.998413
0.038413
0.669935
0.114061
0.230255
0.024642
0.881699
0.057986
0.706343
0.317443
0.018025
0.434588
0.078735
0.888691
0.053951
0.074568
0.594585
0.718242
0.843833
0.870276
0.956711
0.184422
0.014565
0.019715
0.016025
0.388743
0.312866
0.905210
0.325956
0.152214
0.859524
0.060005
0.089847
0.027186
0.353085
0.013456
0.599788
0.213550
0.878908
0.713221
0.382578
0.723883
0.912465
0.909345
0.114616
0.077237
0.023212
0.720207
0.100279
0.018827
0.985725
0.010175
0.547076
0.862591
0.948570
0.038579
0.770094
0.084411
0.989911
0.208405
0.028481
0.047700
0.049733
0.971108
0.239515
0.877564
0.908360
0.312099
0.023500
0.021733
0.507828
0.364958
0.114143
0.879852
0.404623
0.993476
0.405343
0.331111
0.000655
0.101099
0.590065
0.750781
0.568244
0.099930
0.005060
0.729645
0.059360
0.002433
0.023831
0.005428
0.039999
0.905257
0.054246
0.057522
0.095510
0.080543
0.876491
0.015814
0.008065
0.397932
0.999943
0.063120
1.000000
0.999794
0.165021
0.162534
0.528054
0.090989
0.931883
0.509561
0.027337
0.015658
0.615830
0.335768
0.161911
0.279671
0.034740
0.135737
0.199424
0.148310
0.964824
0.005283
0.806679
0.518101
0.807958
0.050016
0.084143
0.613584
0.981922
0.798614
0.058203
0.041510
0.064971
0.341366
0.716279
0.996707
0.103002
0.115505
0.017217
0.313722
0.962437
0.973379
0.780058
0.704787
0.655861
0.826319
0.095957
0.426209
0.817211
0.732046
0.281146
0.646968
0.389478
0.446930
0.064569
0.421254
0.344149
0.422703
0.248694
0.883723
0.296240
0.222030
0.225056
0.859263
0.193766
0.239535
0.137629
0.495982
0.273617
0.072561
0.082115
0.051310
0.443177
0.298265
0.807984
0.718283
0.106627
0.913727
0.474688
0.406630
0.729374
0.184733
0.965361
0.985058
0.367590
0.840559
0.189959
0.921689
0.043503
0.641428
0.603039
0.938909
0.310111
0.785635
0.996761
0.423644
0.999702
0.127103
0.999700
0.982169
0.675033
0.623847
0.686106
0.318734
0.149863
0.023282
0.915680
0.271808
0.055231
0.018724
0.264540
0.636030
0.055323
0.460514
0.064235
0.050238
0.439278
0.927960
0.587532
0.993996
0.171922
0.892935
0.208098
0.971604
0.998320
0.417779
0.358758
0.330663
0.038979
0.143687
0.083710
0.787074
0.568913
0.052349
0.136052
0.095521
0.238914
0.116682
0.244860
0.102046
0.432613
0.147081
0.052801
0.265092
0.599251
0.608208
0.170960
0.903686
0.960527
0.920720
0.103963
0.723044
0.195999
0.026943
0.998099
0.440273
0.948200
0.222514
0.069770
0.804431
0.998065
0.310568
0.778773
0.989478
0.298581
0.300536
0.340191
0.326458
0.975227
0.165369
0.681083
0.110630
0.786206
0.073162
0.011186
0.139472
0.196223
0.776167
0.913401
0.426147
0.572368
0.022610
0.826799
0.072928
0.778613
0.782279
0.137202
0.960799
0.966412
0.951981
0.942019
0.022881
0.700849
0.090218
0.153345
0.002249
0.104888
0.869179
0.136607
0.438356
0.809311
0.071933
0.776691
0.050581
0.760416
0.624239
0.987625
0.482643
0.009366
0.189103
0.061720
0.175686
0.116421
0.288924
0.455483
0.426516
0.519144
0.028721
0.169042
0.015886
0.072138
0.124264
0.735297
0.066684
0.015427
0.036237
0.055927
0.347382
0.385989
0.086121
0.006355
0.206462
0.050562
0.057544
0.181549
0.066059
0.070190
0.025848
0.048443
0.037565
0.143595
0.961806
0.023390
0.746381
0.034396
0.438308
0.316262
0.016373
0.641648
0.715679
0.261988
0.053337
0.322609
0.208164
0.126034
0.500644
0.385767
0.096739
0.063558
0.484059
0.356706
0.740892
0.693316
0.186365
0.093486
0.579687
0.386429
0.446254
0.172726
0.005404
0.118652
0.263896
0.163107
0.366540
0.871050
0.427689
0.052041
0.034253
0.239907
0.108703
0.334822
0.940662
0.224906
0.521304
0.048000
0.033793
0.803317
0.027622
0.861165
0.068315
0.346597
0.022474
0.277431
0.838280
0.121951
0.870893
0.005860
0.049667
0.022109
0.070713
0.035688
0.014830
0.142789
0.664262
0.280004
0.405972
0.915725
0.978067
0.964334
0.057798
0.613622
0.342012
0.666158
0.013105
0.679711
0.092889
0.512411
0.105743
0.151057
0.996114
0.817825
0.527499
0.208513
0.925323
0.673203
0.507414
0.147277
0.451892
0.828769
0.113196
0.008347
0.024684
0.040209
0.402488
0.551415
0.093460
0.218265
0.027350
0.048864
0.097171
0.065385
0.126449
0.563009
0.024298
0.039690
0.096241
0.993158
0.136607
0.223618
0.711312
0.952517
0.066271
0.051657
0.002230
0.023650
0.148932
0.326659
0.277200
0.983032
0.957099
0.580290
0.332491
0.655673
0.850302
0.006727
0.421291
0.692569
0.534175
0.007195
0.849404
0.044297
0.511925
0.138887
0.090516
0.880374
0.289601
0.245804
0.617940
0.247491
0.076847
0.009908
0.210614
0.005647
0.854994
0.050194
0.066043
0.950821
0.024543
0.169805
0.454353
0.231436
0.785096
0.050480
0.091332
0.035768
0.871151
0.011308
0.007714
0.032078
0.077013
0.926343
0.408024
0.808410
0.518197
0.444304
0.085782
0.371575
0.214616
0.970486
0.041990
0.575843
0.149314
0.750491
0.060040
0.875146
0.579430
0.992458
0.403235
0.217657
0.395576
0.062685
0.678957
0.200383
0.597083
0.802176
0.716567
0.027702
0.395255
0.851649
0.298017
0.867330
0.010280
0.008562
0.448130
0.374487
0.597815
0.318403
0.741812
0.209908
0.172563
0.973886
0.384228
0.007209
0.113578
0.269257
0.001606
0.522572
0.001868
0.058204
0.010297
0.300698
0.062349
0.017567
0.440561
0.538897
0.017049
0.148030
0.733219
0.072454
0.175868
0.108577
0.213494
0.559501
0.199646
0.909560
0.783391
0.531527
0.014803
0.926787
0.822549
0.470755
0.771965
0.874567
0.957857
0.587048
0.821620
0.882492
0.088651
0.972941
0.644758
0.218697
0.344900
0.838605
0.956406
0.998650
0.989947
0.709762
0.266478
0.045145
0.934801
0.036343
0.099495
0.020729
0.973137
0.277516
0.046848
0.022581
0.280218
0.928316
0.752391
0.016813
0.351467
0.365723
0.044394
0.014794
0.003885
0.995106
0.153315
0.034370
0.257913
0.037367
0.156263
0.002905
0.008112
0.070784
0.096804
0.034680
0.888813
0.147970
0.717237
0.005358
0.412513
0.065108
0.835017
0.714219
0.276141
0.565329
0.792840
0.268530
0.944894
0.999412
0.469426
0.013542
0.592883
0.872346
0.020993
0.848570
0.056544
0.542407
0.017116
0.817525
0.596103
0.712873
0.062206
0.326673
0.509796
0.730646
0.613429
0.239724
0.150706
0.027139
0.036436
0.077644
0.152870
0.026540
0.442939
0.065788
0.645938
0.008062
0.948226
0.941815
0.246833
0.494691
0.159883
0.178288
0.030716
0.667182
0.173155
0.194372
0.792054
0.269647
0.061686
0.884283
0.842828
0.005965
0.369142
0.653321
0.019680
0.672594
0.104947
0.989598
0.396701
0.817640
0.909333
0.999998
0.007268
0.991036
0.028600
0.076136
0.983745
0.972335
0.539107
0.178699
0.505756
0.093717
0.057863
0.632978
0.515341
0.142717
0.165508
0.644840
0.080568
0.360842
0.253328
0.453625
0.366541
0.257006
0.645984
0.819661
0.378611
0.980412
0.999038
0.958002
0.968546
0.505118
0.991175
0.866160
0.969992
0.830741
0.977562
0.971615
0.637597
0.838138
0.780680
0.859756
0.349427
0.669282
0.771334
0.000456
0.669809
0.031655
0.091459
0.012240
0.072975
0.901145
0.680425
0.079489
0.558216
0.449292
0.769153
0.657819
0.656505
0.166510
0.525875
0.166073
0.908057
0.145216
0.123165
0.056586
0.617821
0.235336
0.992088
0.512617
0.006009
0.183135
0.828204
0.836038
0.826767
0.058137
0.487391
0.458588
0.298644
0.934504
0.199261
0.862618
0.687892
0.762551
0.753432
0.206830
0.946633
0.884464
0.857893
0.162715
0.942503
0.591280
0.298740
0.345423
0.923662
0.683206
0.305280
0.456308
0.778078
0.570833
0.948130
0.144420
0.031501
0.027616
0.109381
0.216963
0.463913
0.054562
0.135467
0.666918
0.814581
0.646649
0.314505
0.544384
0.034658
0.752095
0.158707
0.034837
0.103731
0.081243
0.982371
0.275549
0.017950
0.471529
0.170823
0.758467
0.076164
0.031190
0.050159
0.594071
0.450897
0.895026
0.033587
0.567427
0.423725
0.960842
0.294309
0.021694
0.599305
0.120457
0.919411
0.014477
0.898893
0.510978
0.282795
0.884029
0.487699
0.118841
0.565468
0.808955
0.405552
0.893133
0.236110
0.557273
0.070276
0.802687
0.322689
0.975511
0.641295
0.093474
0.042654
0.019692
0.007195
0.139156
0.057762
0.284753
0.018692
0.024592
0.024662
0.026370
0.016661
0.753581
0.144910
0.012480
0.019678
0.034864
0.731295
0.055564
0.610590
0.005037
0.121232
0.012813
0.379195
0.574991
0.137480
0.692855
0.142906
0.724289
0.139989
0.655458
0.531518
0.370804
0.317132
0.448623
0.069517
0.319624
0.393271
0.131068
0.625465
0.497317
0.011439
0.003586
0.255405
0.016994
0.088528
0.172448
0.024782
0.266066
0.485446
0.978151
0.116118
0.650158
0.305551
0.306882
0.825789
0.893737
0.152331
0.072239
0.999998
0.682826
0.998677
0.867220
0.492911
0.910389
0.376551
0.241830
0.183924
0.048182
0.382855
0.403228
0.598235
0.917990
0.074731
0.082964
0.021245
0.337520
0.124740
0.258545
0.719162
0.301353
0.883071
0.424864
0.358255
0.177494
0.115571
0.960179
0.984576
0.573527
0.732889
0.069674
0.077473
0.556735
0.320094
0.241761
0.006194
0.145600
0.230304
0.849821
0.010663
0.034364
0.265673
0.367061
0.164281
0.949785
0.073256
0.425388
0.139632
0.004176
0.189925
0.153291
0.061855
0.021203
0.718325
0.007171
0.970365
0.922069
0.098592
0.617784
0.049131
0.028207
0.111863
0.140277
0.019348
0.168994
0.085965
0.258810
0.357377
0.301641
0.459959
0.101624
0.473748
0.085206
0.224162
0.092240
0.153230
0.461406
0.123039
0.242730
0.997695
0.518861
0.999063
0.530021
0.794231
0.193021
0.055549
0.464709
0.543077
0.581591
0.031932
0.642812
0.126325
0.129026
0.111028
0.811396
0.845427
0.094439
0.831146
0.834249
0.580086
0.234070
0.135396
0.003173
0.097970
0.318394
0.515817
0.019879
0.435789
0.062535
0.053915
0.172042
0.028639
0.294514
0.309448
0.887679
0.031286
0.092070
0.079458
0.027055
0.234071
0.478287
0.581791
0.075192
0.171138
0.045441
0.330767
0.472335
0.536087
0.355495
0.576775
0.276280
0.046837
0.084279
0.814677
0.488701
0.336673
0.089512
0.034934
0.779014
0.114337
0.640009
0.222586
0.438957
0.100557
0.908582
0.299040
0.452650
0.219773
0.139470
0.095818
0.210543
0.317557
0.133912
0.092683
0.192384
0.301913
0.151049
0.051054
0.059029
0.003885
0.760466
0.213842
0.362309
0.259022
0.270954
0.233268
0.847810
0.076618
0.004054
0.132506
0.025420
0.152357
0.380763
0.040171
0.021841
0.287246
0.354607
0.918921
0.554294
0.118036
0.198704
0.445843
0.941514
0.965599
0.971557
0.966999
0.323722
0.842481
0.237723
0.683039
0.020576
0.002554
0.002897
0.000568
0.131932
0.093719
0.202881
0.200794
0.105554
0.061226
0.183809
0.013395
0.048336
0.954775
0.714097
0.728243
0.774424
0.944133
0.083291
0.201621
0.767035
0.863384
0.786347
0.695497
0.121072
0.628394
0.231825
0.289218
0.125097
0.485446
0.999047
0.389243
0.997478
0.908867
0.467402
0.142718
0.991828
0.927633
0.497359
0.316271
0.015101
0.487776
0.678481
0.092986
0.185544
0.105402
0.339906
