0.974183
0.018021
0.836243
0.921892
0.944150
0.596734
0.951257
0.919476
0.962369
0.988180
0.967263
0.678776
0.984789
0.815123
0.961519
0.055446
0.941250
0.939630
0.949174
0.776298
0.124560
0.825581
0.517088
0.856902
0.901460
0.923905
0.971830
0.634881
0.978895
0.374368
0.762050
0.873422
0.819422
0.769627
0.265598
0.849718
0.954055
0.035273
0.838798
0.992272
0.999848
0.997445
0.928626
0.969366
0.590562
0.728587
0.644649
0.860911
0.919980
0.260693
0.996812
0.963510
0.935984
0.983322
0.944095
0.950985
0.947444
0.384248
0.908119
0.976971
0.931578
0.913698
0.985910
0.849846
0.999790
0.981576
0.858183
0.325782
0.943911
0.991437
0.012347
0.995529
0.999565
0.976811
0.841339
0.993069
0.960343
0.264168
0.951732
0.837354
0.749501
0.609554
0.701382
0.554471
0.689288
0.822210
0.999617
0.934954
0.459715
0.951156
0.968574
0.699346
0.861801
0.875701
0.929353
0.900833
0.813997
0.987485
0.957329
0.994125
0.894833
0.892827
0.991396
0.807496
0.924389
0.383762
0.985549
0.857715
0.951601
0.261453
0.919738
0.942039
0.952681
0.991871
0.552558
0.164037
0.973063
0.993430
0.920446
0.814862
0.825422
0.890206
0.954915
0.998623
0.698104
0.999069
0.964441
0.933666
0.996809
0.732883
0.646203
0.964640
0.233983
0.889224
0.860392
0.494071
0.131769
0.844849
0.998677
0.979083
0.949833
0.326950
0.994031
0.921609
0.005042
0.960360
0.433174
0.954466
0.863861
0.824148
0.937377
0.874653
0.988905
0.323891
0.857433
0.848053
0.963231
0.789406
0.003292
0.795409
0.481933
0.953825
0.820120
0.846179
0.609540
0.922923
0.974688
0.872418
0.913608
0.966628
0.981555
0.952392
0.038498
0.828247
0.966067
0.938119
0.860993
0.874975
0.438687
0.031935
0.996346
0.011046
0.866117
0.777512
0.999891
